lab03

X =

     0     0     0     1

     0     0     0     1


X =

         0         0         0    1.0345

   -0.8276    0.8966   -0.3103    1.0345

diary off
